Sequence_ID	A	T	C	G
AY156743.1 HIV-1 clone P.ENV from USA envelope glycoprotein (env) gene, partial cds	0.417168674698795	0.221385542168675	0.156626506024096	0.204819277108434
AY156744.1 HIV-1 clone V.ENV from USA envelope glycoprotein (env) gene, partial cds	0.430025445292621	0.213740458015267	0.155216284987277	0.201017811704835
AY156745.1 HIV-1 clone LA02.EN from USA envelope glycoprotein (env) gene, partial cds	0.397668393782383	0.225388601036269	0.159326424870466	0.217616580310881
AY156746.1 HIV-1 clone LA04.EN from USA envelope glycoprotein (env) gene, partial cds	0.391053391053391	0.232323232323232	0.155844155844156	0.220779220779221
AY156747.1 HIV-1 clone LA05.EN from USA envelope glycoprotein (env) gene, partial cds	0.407608695652174	0.228260869565217	0.144021739130435	0.220108695652174
AY156748.1 HIV-1 clone LA06.EN from USA envelope glycoprotein (env) gene, partial cds	0.401554404145078	0.226683937823834	0.155440414507772	0.216321243523316
AY156749.1 HIV-1 clone LA07.EN from USA truncated envelope glycoprotein (env) gene, partial cds	0.421671018276762	0.231070496083551	0.143603133159269	0.203655352480418
AY156750.1 HIV-1 clone LA08.EN from USA envelope glycoprotein (env) gene, partial cds	0.426098535286285	0.215712383488682	0.151797603195739	0.206391478029294
AY156751.1 HIV-1 clone LA09.EN from USA envelope glycoprotein (env) gene, partial cds	0.41222366710013	0.23146944083225	0.140442132639792	0.215864759427828
AY156752.1 HIV-1 clone LA10.EN from USA envelope glycoprotein (env) gene, partial cds	0.401832460732984	0.231675392670157	0.146596858638743	0.219895287958115
AY156753.1 HIV-1 clone LA12.EN from USA envelope glycoprotein (env) gene, partial cds	0.417871222076216	0.229960578186597	0.147174770039422	0.204993429697766
AY156754.1 HIV-1 clone LA13.EN from USA envelope glycoprotein (env) gene, partial cds	0.41423125794155	0.223634053367217	0.155019059720457	0.207115628970775
AY156755.1 HIV-1 clone LA14.EN from USA envelope glycoprotein (env) gene, partial cds	0.40234375	0.221354166666667	0.153645833333333	0.22265625
AY156756.1 HIV-1 clone LA15.EN from USA envelope glycoprotein (env) gene, partial cds	0.419786096256685	0.229946524064171	0.14572192513369	0.204545454545455
AY156757.1 HIV-1 clone LA16.EN from USA envelope glycoprotein (env) gene, partial cds	0.40387275242047	0.232365145228216	0.153526970954357	0.210235131396957
AY156758.1 HIV-1 clone LA17.EN from USA envelope glycoprotein (env) gene, partial cds	0.418032786885246	0.226775956284153	0.151639344262295	0.203551912568306
AY156759.1 HIV-1 clone LA18.EN from USA envelope glycoprotein (env) gene, partial cds	0.403718459495352	0.224435590969456	0.163346613545817	0.208499335989376
AY156760.1 HIV-1 clone LA20.EN from USA envelope glycoprotein (env) gene, partial cds	0.40258064516129	0.238709677419355	0.147096774193548	0.211612903225806
AY156761.1 HIV-1 clone LA22.EN from USA envelope glycoprotein (env) gene, partial cds	0.407407407407407	0.22477650063857	0.149425287356322	0.218390804597701
AY156762.1 HIV-1 clone LA24.EN from USA envelope glycoprotein (env) gene, partial cds	0.401844532279315	0.239789196310935	0.140974967061924	0.217391304347826
AY156763.1 HIV-1 clone LA25.EN from USA envelope glycoprotein (env) gene, partial cds	0.408912188728702	0.225425950196592	0.148099606815203	0.217562254259502
AY156764.1 HIV-1 clone LA26.EN from USA envelope glycoprotein (env) gene, partial cds	0.403149606299213	0.24251968503937	0.141732283464567	0.21259842519685
AY156765.1 HIV-1 clone LA27.EN from USA envelope glycoprotein (env) gene, partial cds	0.393210749646393	0.243281471004243	0.155586987270156	0.207920792079208
AY156766.1 HIV-1 clone LA28.EN from USA envelope glycoprotein (env) gene, partial cds	0.407979407979408	0.227799227799228	0.155727155727156	0.208494208494208
AY156767.1 HIV-1 clone LA29.EN from USA envelope glycoprotein (env) gene, partial cds	0.401244167962675	0.228615863141524	0.15552099533437	0.214618973561431
AY156768.1 HIV-1 clone LA30.EN from USA envelope glycoprotein (env) gene, partial cds	0.418086500655308	0.230668414154653	0.146788990825688	0.204456094364351
AY156770.1 HIV-1 clone LA32.EN from USA envelope glycoprotein (env) gene, partial cds	0.420707732634338	0.224115334207077	0.146788990825688	0.208387942332896
AY156796.1 HIV-1 clone P1.MIC.EN from USA envelope glycoprotein (env) gene, partial cds	0.418685121107266	0.214532871972318	0.160322952710496	0.206459054209919
AY156798.1 HIV-1 clone P2.MIC.EN from USA envelope glycoprotein (env) gene, partial cds	0.417531718569781	0.214532871972318	0.161476355247982	0.206459054209919
AY156804.1 HIV-1 clone V1.MIC.EN from USA envelope glycoprotein (env) gene, partial cds	0.412865497076023	0.215204678362573	0.157894736842105	0.214035087719298
AY156805.1 HIV-1 clone V2.MIC.EN from USA envelope glycoprotein (env) gene, partial cds	0.414035087719298	0.215204678362573	0.157894736842105	0.212865497076023
AY156808.1 HIV-1 clone P01 from USA envelope glycoprotein (env) gene, partial cds	0.426892950391645	0.215404699738903	0.155352480417755	0.202349869451697
AY156809.1 HIV-1 clone P02 from USA truncated envelope glycoprotein (env) gene, partial cds	0.427450980392157	0.213071895424837	0.155555555555556	0.203921568627451
AY156810.1 HIV-1 clone P03 from USA envelope glycoprotein (env) gene, partial cds	0.427631578947368	0.217105263157895	0.155263157894737	0.2
AY156811.1 HIV-1 clone P04 from USA envelope glycoprotein (env) gene, partial cds	0.435124508519004	0.211009174311927	0.157273918741809	0.196592398427261
AY156812.1 HIV-1 clone P05 from USA envelope glycoprotein (env) gene, partial cds	0.433813892529489	0.211009174311927	0.157273918741809	0.197903014416776
AY156813.1 HIV-1 clone P06 from USA envelope glycoprotein (env) gene, partial cds	0.426892950391645	0.214099216710183	0.156657963446475	0.202349869451697
AY156814.1 HIV-1 clone P07 from USA envelope glycoprotein (env) gene, partial cds	0.425587467362924	0.214099216710183	0.156657963446475	0.203655352480418
AY156815.1 HIV-1 clone P08 from USA envelope glycoprotein (env) gene, partial cds	0.435124508519004	0.209698558322412	0.158584534731324	0.196592398427261
AY156816.1 HIV-1 clone P09 from USA envelope glycoprotein (env) gene, partial cds	0.429882044560944	0.216251638269987	0.153342070773263	0.200524246395806
AY156817.1 HIV-1 clone P10 from USA envelope glycoprotein (env) gene, partial cds	0.435124508519004	0.212319790301442	0.155963302752294	0.196592398427261
AY156818.1 HIV-1 clone P11 from USA envelope glycoprotein (env) gene, partial cds	0.433813892529489	0.211009174311927	0.157273918741809	0.197903014416776
AY156819.1 HIV-1 clone P12 from USA envelope glycoprotein (env) gene, partial cds	0.424281984334204	0.214099216710183	0.157963446475196	0.203655352480418
AY156820.1 HIV-1 clone P13 from USA envelope glycoprotein (env) gene, partial cds	0.432503276539974	0.212319790301442	0.157273918741809	0.197903014416776
AY156821.1 HIV-1 clone P14 from USA envelope glycoprotein (env) gene, partial cds	0.432503276539974	0.211009174311927	0.157273918741809	0.199213630406291
AY156822.1 HIV-1 clone P15 from USA envelope glycoprotein (env) gene, partial cds	0.433813892529489	0.211009174311927	0.157273918741809	0.197903014416776
AY156823.1 HIV-1 clone P16 from USA envelope glycoprotein (env) gene, partial cds	0.435124508519004	0.211009174311927	0.157273918741809	0.196592398427261
AY156824.1 HIV-1 clone P17 from USA envelope glycoprotein (env) gene, partial cds	0.426892950391645	0.214099216710183	0.156657963446475	0.202349869451697
AY156825.1 HIV-1 clone P18 from USA envelope glycoprotein (env) gene, partial cds	0.426892950391645	0.214099216710183	0.156657963446475	0.202349869451697
AY156826.1 HIV-1 clone P19 from USA envelope glycoprotein (env) gene, partial cds	0.426892950391645	0.214099216710183	0.156657963446475	0.202349869451697
AY156827.1 HIV-1 clone P20 from USA envelope glycoprotein (env) gene, partial cds	0.435124508519004	0.209698558322412	0.158584534731324	0.196592398427261
AY156828.1 HIV-1 clone P21 from USA envelope glycoprotein (env) gene, partial cds	0.430809399477807	0.2088772845953	0.160574412532637	0.199738903394256
AY156829.1 HIV-1 clone P22 from USA envelope glycoprotein (env) gene, partial cds	0.435124508519004	0.211009174311927	0.157273918741809	0.196592398427261
AY156830.1 HIV-1 clone P23 from USA envelope glycoprotein (env) gene, partial cds	0.432503276539974	0.212319790301442	0.155963302752294	0.199213630406291
AY156831.1 HIV-1 clone P24 from USA envelope glycoprotein (env) gene, partial cds	0.425587467362924	0.214099216710183	0.156657963446475	0.203655352480418
AY156832.1 HIV-1 clone P25 from USA envelope glycoprotein (env) gene, partial cds	0.424281984334204	0.212793733681462	0.157963446475196	0.204960835509138
AY156833.1 HIV-1 clone P26 from USA envelope glycoprotein (env) gene, partial cds	0.424281984334204	0.214099216710183	0.156657963446475	0.204960835509138
AY156834.1 HIV-1 clone P27 from USA envelope glycoprotein (env) gene, partial cds	0.426892950391645	0.212793733681462	0.157963446475196	0.202349869451697
AY156835.1 HIV-1 clone P28 from USA envelope glycoprotein (env) gene, partial cds	0.435124508519004	0.211009174311927	0.158584534731324	0.195281782437746
AY156836.1 HIV-1 clone P29 from USA envelope glycoprotein (env) gene, partial cds	0.433813892529489	0.209698558322412	0.158584534731324	0.197903014416776
AY156837.1 HIV-1 clone P30 from USA envelope glycoprotein (env) gene, partial cds	0.435124508519004	0.211009174311927	0.157273918741809	0.196592398427261
AY156838.1 HIV-1 clone P31 from USA envelope glycoprotein (env) gene, partial cds	0.426892950391645	0.214099216710183	0.156657963446475	0.202349869451697
AY156839.1 HIV-1 clone P32 from USA envelope glycoprotein (env) gene, partial cds	0.435124508519004	0.211009174311927	0.157273918741809	0.196592398427261
AY156840.1 HIV-1 clone P33 from USA envelope glycoprotein (env) gene, partial cds	0.426892950391645	0.212793733681462	0.157963446475196	0.202349869451697
AY156841.1 HIV-1 clone P34 from USA envelope glycoprotein (env) gene, partial cds	0.426892950391645	0.212793733681462	0.157963446475196	0.202349869451697
AY156842.1 HIV-1 clone P35 from USA envelope glycoprotein (env) gene, partial cds	0.433813892529489	0.211009174311927	0.157273918741809	0.197903014416776
AY156843.1 HIV-1 clone P36 from USA envelope glycoprotein (env) gene, partial cds	0.425950196592398	0.217562254259502	0.153342070773263	0.203145478374836
AY156844.1 HIV-1 clone P37 from USA truncated envelope glycoprotein (env) gene, partial cds	0.42483660130719	0.213071895424837	0.158169934640523	0.203921568627451
AY156845.1 HIV-1 clone P38 from USA envelope glycoprotein (env) gene, partial cds	0.435124508519004	0.209698558322412	0.158584534731324	0.196592398427261
AY156846.1 HIV-1 clone P39 from USA envelope glycoprotein (env) gene, partial cds	0.428571428571429	0.211009174311927	0.159895150720839	0.200524246395806
AY156847.1 HIV-1 clone P40 from USA envelope glycoprotein (env) gene, partial cds	0.433813892529489	0.211009174311927	0.157273918741809	0.197903014416776
AY156848.1 HIV-1 clone P41 from USA envelope glycoprotein (env) gene, partial cds	0.435124508519004	0.211009174311927	0.157273918741809	0.196592398427261
AY156849.1 HIV-1 clone P42 from USA envelope glycoprotein (env) gene, partial cds	0.432503276539974	0.212319790301442	0.157273918741809	0.197903014416776
AY156850.1 HIV-1 clone P43 from USA envelope glycoprotein (env) gene, partial cds	0.431192660550459	0.216251638269987	0.153342070773263	0.199213630406291
AY156851.1 HIV-1 clone P44 from USA envelope glycoprotein (env) gene, partial cds	0.426892950391645	0.214099216710183	0.156657963446475	0.202349869451697
AY156852.1 HIV-1 clone P45 from USA truncated envelope glycoprotein (env) gene, partial cds	0.425587467362924	0.215404699738903	0.155352480417755	0.203655352480418
AY156853.1 HIV-1 clone P46 from USA envelope glycoprotein (env) gene, partial cds	0.425587467362924	0.214099216710183	0.156657963446475	0.203655352480418
AY156854.1 HIV-1 clone P47 from USA envelope glycoprotein (env) gene, partial cds	0.431192660550459	0.212319790301442	0.157273918741809	0.199213630406291
AY156855.1 HIV-1 clone P48 from USA envelope glycoprotein (env) gene, partial cds	0.431192660550459	0.209698558322412	0.159895150720839	0.199213630406291
AY156856.1 HIV-1 clone P49 from USA envelope glycoprotein (env) gene, partial cds	0.432503276539974	0.211009174311927	0.157273918741809	0.199213630406291
AY156857.1 HIV-1 clone P50 from USA envelope glycoprotein (env) gene, partial cds	0.432503276539974	0.209698558322412	0.158584534731324	0.199213630406291
AY156858.1 HIV-1 clone V01 from USA truncated envelope glycoprotein (env) gene, partial cds	0.430012610340479	0.213114754098361	0.157629255989912	0.199243379571248
AY156859.1 HIV-1 clone V02 from USA envelope glycoprotein (env) gene, partial cds	0.425806451612903	0.210322580645161	0.161290322580645	0.20258064516129
AY156860.1 HIV-1 clone V03 from USA envelope glycoprotein (env) gene, partial cds	0.425806451612903	0.210322580645161	0.161290322580645	0.20258064516129
AY156861.1 HIV-1 clone V04 from USA envelope glycoprotein (env) gene, partial cds	0.429677419354839	0.210322580645161	0.16	0.2
AY156862.1 HIV-1 clone V05 from USA envelope glycoprotein (env) gene, partial cds	0.426229508196721	0.211853720050441	0.157629255989912	0.204287515762926
AY156863.1 HIV-1 clone V06 from USA envelope glycoprotein (env) gene, partial cds	0.428387096774194	0.210322580645161	0.161290322580645	0.2
AY156864.1 HIV-1 clone V07 from USA envelope glycoprotein (env) gene, partial cds	0.42875157629256	0.208070617906683	0.16141235813367	0.201765447667087
AY156865.1 HIV-1 clone V08 from USA envelope glycoprotein (env) gene, partial cds	0.427490542244641	0.213114754098361	0.157629255989912	0.201765447667087
AY156866.1 HIV-1 clone V09 from USA envelope glycoprotein (env) gene, partial cds	0.426229508196721	0.211853720050441	0.157629255989912	0.204287515762926
AY156867.1 HIV-1 clone V10 from USA envelope glycoprotein (env) gene, partial cds	0.426229508196721	0.211853720050441	0.156368221941992	0.205548549810845
AY156868.1 HIV-1 clone V11 from USA truncated envelope glycoprotein (env) gene, partial cds	0.429292929292929	0.210858585858586	0.159090909090909	0.200757575757576
AY156869.1 HIV-1 clone V12 from USA envelope glycoprotein (env) gene, partial cds	0.427490542244641	0.211853720050441	0.157629255989912	0.203026481715006
AY156870.1 HIV-1 clone V13 from USA envelope glycoprotein (env) gene, partial cds	0.42875157629256	0.211853720050441	0.157629255989912	0.201765447667087
AY156871.1 HIV-1 clone V14 from USA truncated envelope glycoprotein (env) gene, partial cds	0.422480620155039	0.205426356589147	0.162790697674419	0.209302325581395
AY156872.1 HIV-1 clone V15 from USA envelope glycoprotein (env) gene, partial cds	0.427096774193548	0.210322580645161	0.161290322580645	0.201290322580645
AY156873.1 HIV-1 clone V16 from USA truncated envelope glycoprotein (env) gene, partial cds	0.428030303030303	0.210858585858586	0.157828282828283	0.203282828282828
AY156874.1 HIV-1 clone V17 from USA envelope glycoprotein (env) gene, partial cds	0.428387096774194	0.210322580645161	0.16	0.201290322580645
AY156875.1 HIV-1 clone V18 from USA envelope glycoprotein (env) gene, partial cds	0.42875157629256	0.213114754098361	0.156368221941992	0.201765447667087
AY156876.1 HIV-1 clone V19 from USA envelope glycoprotein (env) gene, partial cds	0.430012610340479	0.211853720050441	0.157629255989912	0.200504413619168
AY156877.1 HIV-1 clone V20 from USA envelope glycoprotein (env) gene, partial cds	0.431273644388398	0.211853720050441	0.157629255989912	0.199243379571248
AY156878.1 HIV-1 clone V21 from USA envelope glycoprotein (env) gene, partial cds	0.422446406052963	0.211853720050441	0.156368221941992	0.209331651954603
AY156879.1 HIV-1 clone V22 from USA envelope glycoprotein (env) gene, partial cds	0.431273644388398	0.213114754098361	0.156368221941992	0.199243379571248
AY156880.1 HIV-1 clone V23 from USA envelope glycoprotein (env) gene, partial cds	0.431273644388398	0.208070617906683	0.16141235813367	0.199243379571248
AY156881.1 HIV-1 clone V24 from USA envelope glycoprotein (env) gene, partial cds	0.423707440100883	0.21437578814628	0.157629255989912	0.204287515762926
AY156882.1 HIV-1 clone V25 from USA envelope glycoprotein (env) gene, partial cds	0.425806451612903	0.210322580645161	0.163870967741935	0.2
AY156883.1 HIV-1 clone V26 from USA envelope glycoprotein (env) gene, partial cds	0.423707440100883	0.210592686002522	0.157629255989912	0.208070617906683
AY156884.1 HIV-1 clone V27 from USA envelope glycoprotein (env) gene, partial cds	0.430012610340479	0.211853720050441	0.157629255989912	0.200504413619168
AY156885.1 HIV-1 clone V28 from USA envelope glycoprotein (env) gene, partial cds	0.42875157629256	0.210592686002522	0.16015132408575	0.200504413619168
AY156886.1 HIV-1 clone V29 from USA envelope glycoprotein (env) gene, partial cds	0.427490542244641	0.213114754098361	0.156368221941992	0.203026481715006
AY156887.1 HIV-1 clone V30 from USA envelope glycoprotein (env) gene, partial cds	0.42875157629256	0.210592686002522	0.158890290037831	0.201765447667087
AY156888.1 HIV-1 clone V31 from USA envelope glycoprotein (env) gene, partial cds	0.427096774193548	0.211612903225806	0.158709677419355	0.20258064516129
AY156889.1 HIV-1 clone V32 from USA envelope glycoprotein (env) gene, partial cds	0.427490542244641	0.213114754098361	0.158890290037831	0.200504413619168
AY156890.1 HIV-1 clone V33 from USA envelope glycoprotein (env) gene, partial cds	0.427096774193548	0.210322580645161	0.161290322580645	0.201290322580645
AY156891.1 HIV-1 clone V34 from USA envelope glycoprotein (env) gene, partial cds	0.421935483870968	0.207741935483871	0.163870967741935	0.206451612903226
AY156892.1 HIV-1 clone V35 from USA envelope glycoprotein (env) gene, partial cds	0.425806451612903	0.212903225806452	0.158709677419355	0.20258064516129
AY156893.1 HIV-1 clone V36 from USA envelope glycoprotein (env) gene, partial cds	0.431273644388398	0.211853720050441	0.156368221941992	0.200504413619168
AY156894.1 HIV-1 clone V37 from USA envelope glycoprotein (env) gene, partial cds	0.427096774193548	0.211612903225806	0.158709677419355	0.20258064516129
AY156895.1 HIV-1 clone V38 from USA envelope glycoprotein (env) gene, partial cds	0.431273644388398	0.211853720050441	0.158890290037831	0.197982345523329
AY156896.1 HIV-1 clone V39 from USA truncated envelope glycoprotein (env) gene, partial cds	0.428030303030303	0.210858585858586	0.157828282828283	0.203282828282828
AY156897.1 HIV-1 clone V40 from USA envelope glycoprotein (env) gene, partial cds	0.42875157629256	0.213114754098361	0.155107187894073	0.203026481715006
AY156898.1 HIV-1 clone V41 from USA envelope glycoprotein (env) gene, partial cds	0.427096774193548	0.209032258064516	0.16258064516129	0.201290322580645
AY156899.1 HIV-1 clone V42 from USA truncated envelope glycoprotein (env) gene, partial cds	0.429292929292929	0.20959595959596	0.161616161616162	0.19949494949495
AY156900.1 HIV-1 clone V43 from USA envelope glycoprotein (env) gene, partial cds	0.430012610340479	0.213114754098361	0.156368221941992	0.200504413619168
AY156901.1 HIV-1 clone V44 from USA envelope glycoprotein (env) gene, partial cds	0.431273644388398	0.211853720050441	0.157629255989912	0.199243379571248
AY156902.1 HIV-1 clone V45 from USA envelope glycoprotein (env) gene, partial cds	0.42875157629256	0.211853720050441	0.157629255989912	0.201765447667087
AY156903.1 HIV-1 clone V46 from USA envelope glycoprotein (env) gene, partial cds	0.42875157629256	0.209331651954603	0.158890290037831	0.203026481715006
AY156904.1 HIV-1 clone V47 from USA envelope glycoprotein (env) gene, partial cds	0.425806451612903	0.210322580645161	0.161290322580645	0.20258064516129
AY156905.1 HIV-1 clone V48 from USA envelope glycoprotein (env) gene, partial cds	0.431273644388398	0.213114754098361	0.156368221941992	0.199243379571248
AY156906.1 HIV-1 clone V49 from USA envelope glycoprotein (env) gene, partial cds	0.42875157629256	0.210592686002522	0.158890290037831	0.201765447667087
AY156907.1 HIV-1 clone V50 from USA envelope glycoprotein (env) gene, partial cds	0.423707440100883	0.213114754098361	0.157629255989912	0.205548549810845
AY156769.1 HIV-1 clone LA31.EN from USA envelope glycoprotein (env) gene, partial cds	0.395079594790159	0.241678726483357	0.141823444283647	0.221418234442836
Overall	 0.424372492305727	0.215591688381169	0.156409695991416	0.203626123321688 
